-91.5909138517006 -70.12270226764156 -99.24257382265776
-99.33552565312108 -143.53229445543917 -104.13377594723204
-104.59397127542546 -169.56348950979665 -100.03079069633056
-104.6949147096677 -163.81673796975045 -76.82741542088873
-51.947658050978276 -91.23342336230125 -95.14622589570227
-97.14450162394918 -172.40337046722325 -84.22616285373353
-94.06352945638088 -106.71267750810904 -73.87251351776993
-85.2674464374543 -31.15036066880656 -85.96335491770449
-101.73732946412636 -75.67201557462558 -95.57759536235763
-99.8994283503308 -155.209999189292 -89.73642249416845
-99.05883508409518 -82.16784730909282 -99.54725665939452
-100.08964337112864 -146.5974107829206 -93.56060277189238
-71.02756596518434 -64.57196221891465 -69.0515867429437
-69.68098360784614 -151.67909409068847 -74.41546685367821
-74.38089837745672 -72.10737088756414 -73.55578509909694
-74.00750794470692 -75.72843219160669 -69.70481944543016
-61.46377615742494 -132.97026509205529 -60.4010061367155
-62.24870225120968 -97.69159116813051 -59.090165140980524
-59.889767527153374 -106.04799626911999 -60.47285689203129
-58.999971954131894 -65.26397514411062 -58.87611563014203
-56.409004328588516 -52.50558548122285 -53.74764426278466
-55.218294134861075 -55.256929358228774 -54.915699472550706
-55.51903000839284 -62.59351570313986 -57.37589730809831
-56.95517574744152 -70.18790142459451 -55.69274587392301
-51.15190966946186 -148.4513664020239 -51.20125268485872
-50.78132525055551 -150.70216861168063 -49.438613656924005
-49.74914714343241 -51.75346355806162 -48.85055653613878
-49.25124264940307 -48.768280784600364 -51.20906679901599
-48.26729602892867 -47.9415467094625 -47.77865171386982
-48.03879162976246 -47.6152484167623 -47.1819885276544
-47.74611874853996 -50.957019237324396 -48.75505232985969
-48.59456081106044 -51.78585123140917 -48.71305217530882
-50.510696765333286 -157.02743873673703 -50.30083260578045
-50.54217165235614 -154.14376726169112 -50.400215888758204
-50.51592172072484 -94.48040946442954 -50.629630830933806
-50.53867777417891 -85.30507344462828 -50.677963217244006
-34.66262148069305 -158.41953212674198 -35.183566705222084
-34.93281001947646 -35.469889126776685 -35.274782231087265
-34.78747363965862 -38.227686976945144 -35.41553232736069
-35.15514498536397 -43.019698699872 -34.82466643682904
-49.84216104078127 -85.8731932326021 -85.78294434418389
-57.690581495116305 -51.907697479708844 -30.878450964898555
-30.768061667872573 -116.98600632950709 -30.455960042009302
-59.95955886740908 -71.46229788303165 -50.15138471332172
67.66828533777891 -121.40792779902355 -8.04237784723005
-7.9465604319155645 -7.793378972145563 45.94007773432272
-7.585348775268365 131.76378906528683 -7.3641746202947935
93.6808668646812 -112.9953541946222 20.815306314041095
24.21035469903005 -8.017098190914231 93.41606381893772
16.78172379227651 -145.20707101858736 135.81517015980322
48.194730809924536 185.61927570699032 27.368212610706657
93.9349135029741 -69.26292349871565 25.114486942490256
228.07402883850608 -55.80982835454632 157.12671944087325
136.9161926925615 -95.90322658679668 199.37887788388642
103.33278615579181 128.07298320018188 217.2765017659954
158.89256135533526 242.23087946459947 215.57266556532684
-78.28121447857842 -82.68811903835189 -78.2407943177201
-76.5219288476012 -70.53468268409173 -77.1260754099079
-74.57319319998163 -116.52441906703693 -78.04300792653665
-78.41706353703968 -117.32767053394966 -79.12935828359495
-58.175878155702854 -64.82583039089779 -57.269723604515306
-56.98673074256404 -56.06572679661145 -94.5815971025622
-53.629870356464885 -86.14768119876366 -54.70238062483446
-97.22845323621152 -122.88705695222957 -100.06664725157891
-40.92282972322218 -45.21449006657138 -41.2998872669405
-40.53141496861146 -40.99537845535457 -40.92167037318354
-41.15272897615798 -148.92878449172053 -89.50736674194681
-41.69109495501651 -125.94435213117553 -41.09226494911961
-89.7575183279756 -148.46659320653902 -107.07716102173991
-108.40499433763902 -133.26855481681503 -95.91771396947003
-105.44715495211175 -132.94251232874012 -91.76156643311994
-91.0436303790076 -18.976528702303217 -97.79128166463012
-84.59864915660786 -168.748920373206 -69.62962987379133
-91.64882692273329 -106.02801181652298 -58.58291482392245
-69.59584898873668 -171.91227087866193 -27.358288825665312
-69.54567987507524 -21.098857166469067 -69.6242217809334
-17.235155453306746 -165.0163154817271 -55.228526079651616
-100.50728807427808 -63.10435347012861 -67.5081783111473
-62.71702609317055 -164.1658931619044 -22.120659078198848
-42.668300341825564 -27.21173544711694 -49.94910056722771
-34.82615486186232 -52.10859362331169 -39.734562612984135
-35.36881037773484 -55.76368236245102 -42.57135259879287
-87.02956865473573 -174.02188928083572 -47.52613056279134
-43.21904470795023 -73.67429234587682 -34.974804200301485
4.65178790590295 120.61009500415511 62.44779138573074
99.21790416505142 -22.24920245057525 66.79611601070997
107.25041330676844 -169.60833394245606 46.93174098757492
106.5791333635347 -151.4832622321176 -71.68949446943721
3.7688666225342553 170.08524542950565 22.701176398035535
22.14289797571653 -137.7466732052017 3.6054523474882347
4.172240604837363 -12.265844908277472 5.018886365222274
3.7609836732659545 -125.88109188954259 -74.74141910338527
182.57694133856674 205.44043815507663 148.1214929426771
195.58574713241822 -124.21583608038472 125.91487691158007
179.55875552343957 -48.077913142958806 83.90455604965364
113.49337289678006 138.27897677766873 187.109229671279
