-50.405606621881304 -51.3713270090602 -44.32770937692748
-50.0950591914906 -52.284899222662716 -135.8332773865029
-61.525910311323685 -51.26189256269457 -134.08993662998935
-58.675615616269944 -50.58506639016119 -131.30184871257953
-43.03210982284907 -49.67274006133243 -47.9866330355652
-45.48948366895489 -49.28048165731101 -133.84726102822466
-49.27916191325433 -48.73881105822551 -52.62111277533807
-49.00926422228686 -52.97692224750485 -44.74873628314682
-47.998306707336425 -47.86213199454336 -47.17584898495555
-47.99999986436471 -47.93839067124531 -134.2535043669055
-47.999999834616034 -47.964940986665496 -57.79850308446268
-47.999402147182515 -47.90698639535823 -136.34617771005932
-98.45820384613995 -39.80267153770171 -34.849456911965895
-37.118860229094246 -48.461900053354356 -59.83351618258146
-47.08090142408224 -48.82724510617942 -52.20929618492844
-48.04859205069755 -37.14893224865654 -44.2216238723607
-33.22107260033037 -38.73554968053895 -108.51655056322106
-35.07679634452094 -48.852448865526995 -133.7471324561384
-44.31643961119598 -33.79684832693106 -79.2685218344575
-37.18526938763042 -37.49106546727999 -30.81388034284046
-31.956292394720798 -33.813559953500516 -25.799721024202956
-30.840440022575272 -38.37168229046825 -36.7665991454231
-34.38542732299342 -31.56516037269368 -45.09136699451053
-33.77807920392112 -29.013502953964927 -32.258787528155864
-22.70965101534518 -29.116306947963498 -107.96722697066215
-34.423635801929656 -25.508242989609574 -139.11357526584422
-31.073995967019677 -22.637787781478764 -45.9291622557203
-27.24175493837806 -26.349144120323775 -19.294266917408557
-21.992424752186416 -21.899210657861765 -8.619475093365468
-15.515098839060261 -31.1531534920054 -22.32404683825107
-24.54369879363234 -22.842338240570434 -35.835867081475946
-25.63332816427377 -16.12671503514335 -25.45923851745631
-2.4599440195866227 -21.621287324839535 -132.71887816399087
-48.259010752254724 -12.937643221500819 -138.7077018774363
-26.59732507594664 -2.234684871047175 -58.46572871797723
-12.74477637374768 -13.306457599369296 6.66405740788797
-8.937098900204756 -20.046592074572395 -56.2374307308993
-20.043299552434895 -22.088457700748467 -25.85436467033586
-72.00852769850704 -0.2462178183438386 -29.68275710425389
-18.993586704166617 -22.960810823423977 17.777051071378498
14.870258003500386 -20.054093738688877 -139.6632242086761
-43.821695189527084 -18.096075681767736 -58.13822346170623
-19.339696903871996 15.59259543435631 -137.6269636299533
-1.5512180768808381 -1.9612072450089313 -69.87312958216758
-19.598332095082256 8.020908698766206 -138.4431571256421
-30.859601632728378 56.15343591754446 -19.02000155529717
-0.06203168928850111 6.165756545118111 98.52481271992295
57.283533655940644 -13.397240541012577 -138.8536234858267
-9.464319102127726 15.400335939875262 -35.934124538662765
-9.461130958080643 82.05557598762519 -129.62452658190304
3.0333354639449244 -8.364915605486923 16.449774106030034
-9.454908113796193 -8.352740587569494 -140.6672476803582
40.5915021520579 15.450909586461256 5.575734049090293
33.941839532812786 108.18158111060818 -109.75654304879419
46.72909669490121 191.0106507683637 109.92574200540923
142.16766871006558 136.30072404377157 263.98171579682975
-42.872342083772665 -48.17905073816207 -28.748573958427716
-40.52418159667765 -46.969443309696494 -48.183930612285664
-46.339676976549654 -48.27870180798139 -138.38463755067542
-47.28950213545715 -35.03595358525702 -137.65668076590563
-32.02463869105713 -32.995998437676406 -23.97392228365279
-36.08855556547035 -33.65018860119911 -31.858096274670952
-32.20906904190723 -39.395288028811734 -133.77701090817723
-34.67953725549267 -32.02176165480274 -134.3658565757927
-24.407975932628744 -24.00847649159499 -26.40212491447823
-24.007757690505926 -24.698527280036306 -26.609068757272944
-24.01800328028706 -26.401687061671304 -142.6989737310534
-24.08116100045249 -74.71141476405583 -136.84965384998856
-46.78013133223953 -46.71057009354823 -135.18233692345348
-46.88897328865208 -47.92605046413561 -49.078904804022045
-47.93264736144459 -47.91182504788238 -135.70556705105653
-47.90903859762926 -46.46447014624695 -53.90746993447073
-28.507218875861128 -27.999593000564012 -139.26447229304017
-28.010483288890246 -27.999604827245474 -46.30881034044164
-27.99964433431621 -27.99958116649316 -132.5542123942445
-27.999545958803907 -27.999593296960523 -34.25948967913199
-20.603518943345957 -26.357384396337316 -129.5009126114119
-72.93025044043394 -31.891386337563233 -27.228058554789754
-27.2549286434871 -18.785071931024092 -60.75737843910615
-18.917031004788694 -20.66342761681217 -44.131646463330505
-15.99999633369849 -16.127521317602454 -121.70938991175814
-15.985381862078459 -15.984201113706547 -22.199844490139235
-20.285481742426455 -15.999995977643364 -131.58580873544804
-15.99999679427175 -15.99999680514664 -88.10026164482528
-11.89227940318253 -22.08023239769839 -26.261885240295072
-12.03385541413088 -11.719854329589635 -12.459233777679227
-12.026284766045102 -11.901343204525846 -67.51426209327943
-11.89361616316163 -11.890349096172521 -133.8236823071378
-35.2271548194622 -5.748566340659697 80.17332105976969
-5.758194665990242 -4.951339814713248 -123.60575447162942
-5.423895687156497 -5.072517619186818 -95.65232899389528
-4.929341488454436 -4.804317255434018 -45.56283814795185
197.9652494460477 48.32708704744148 113.8132153072496
75.58849057595995 89.99701314888858 -52.06255343037746
37.40265456749552 195.57629659165946 -0.3197070306611671
103.55361729118322 132.64903830728292 264.201506529841
