-107.15537015237943 -90.4884997252583 -108.66878135420572
-80.37611352386627 -82.21189120281832 -46.6552628872652
-46.6537335134227 -81.33526988310055 -46.65394461438796
-46.652373558415576 -81.27577682768296 -83.22772664127078
-32.428324559115595 -33.08346080384866 -37.67447856266901
-35.35388109043016 -76.41442285744526 -35.51319720201384
-37.62315321072694 -51.28518406543965 -32.31880591536911
-35.46503962968854 -28.248013281756812 -35.26703590873998
-34.28557005291678 -27.34001904831491 -33.62230254074592
-31.520557166988844 -66.92923133719526 -34.38313722372636
-32.85387128742804 -39.34039111498832 -33.329241071354595
-33.9100574663981 -76.37816792240733 -32.32802023532825
-21.765165485045998 -17.251085311639457 -25.139851657394658
-22.229268606109866 -64.36728381982782 -21.797360439519345
-19.63161125932709 -36.530708092718164 -19.66135575493812
-21.272664244823062 -16.152742538687683 -21.06709671599226
-11.355108532635256 -61.47016417198634 -13.586607888138198
-8.236048909921875 -59.03712040462867 -9.356004802139648
-4.7799375 -12.578967050661 -6.7019681718749995
-8.321154318480469 -6.71364421875 -8.450135324531932
-1.3499999999999999 -8.165394276169922 -1.3499999999999999
0.0 -4.873817447354091 0.0
-1.3499999999999999 -3.7642500000000005 0.0
-2.4974999999999996 -2.4974999999999996 -3.4728749999999997
-4.6131074632499995 -28.30153100567361 -3.3333299999999997
-2.346 -26.350270259936128 -3.94995
-3.0869999999999997 -2.2199999999999998 -2.2199999999999998
-3.0869999999999997 -3.2909624999999996 -1.54999965
-2.7011249999999998 -1.9425 -2.7011249999999998
0.0 -2.18883 -1.9425
-1.05 -1.05 -1.16025
-1.05 -1.05 -4.0043128125
0.0 0.0 -0.8999999999999999
0.0 -11.662574043029442 0.0
0.0 0.0 0.0
0.0 0.0 0.0
-1.3875 0.0 0.0
0.0 0.0 0.0
0.0 0.0 0.0
0.0 -0.75 -0.75
0.0 0.0 0.0
0.0 0.0 -0.6
0.0 -9.475345681269285 0.0
0.0 -0.6 0.0
0.0 0.0 -0.8324999999999999
0.0 -0.44999999999999996 -0.44999999999999996
0.0 -0.44999999999999996 -0.44999999999999996
-0.44999999999999996 0.0 -0.44999999999999996
0.0 -0.3 0.0
0.0 0.0 0.0
0.0 -0.3 0.0
0.0 0.0 0.0
0.0 -0.15 0.0
-0.15 0.0 0.0
-0.15 0.0 0.0
0.0 0.0 0.0
-6.630957888217793 -20.935106507330207 -8.329052965575995
-8.7418125126851 -8.106593028867426 -5.3862556966406245
-8.503275588164064 -38.16137610081896 -3.4157090156249996
-8.819841962162108 -70.08356073917966 -8.160448258324218
0.0 -2.2199999999999998 0.0
0.0 0.0 0.0
0.0 -10.192617634637914 0.0
0.0 0.0 -2.2199999999999998
-0.8999999999999999 -0.8999999999999999 -0.8999999999999999
-0.8999999999999999 0.0 0.0
0.0 0.0 0.0
0.0 -11.656844515845656 -0.8999999999999999
-26.93469397064408 -74.63916731032594 -28.98016275590455
-27.740820736407997 -35.59324344176879 -26.215664783779324
-27.595270704247522 -71.29303742828662 -25.774059814006858
-28.440497194637928 -22.05554610645083 -29.715544966707565
-8.51634027368694 -29.30734894767666 -5.342684738803945
-4.252393640550976 -13.18554587551192 -8.76401632398605
-7.673364456597077 -53.41700391416427 -8.56274156739551
-10.892284113285665 -8.775338178348715 -9.157523587131601
-5.736803210551927 -37.43558646724759 -4.707672263340352
-3.137379995137265 -9.764283782875644 -3.513917724009082
-3.3436078687500004 -40.465241524227686 -2.686209576686969
-4.072154470298145 -14.466031619739429 -6.932058227882815
-0.6629999999999999 -28.451974259720572 -1.1099999999999999
-0.6 -1.1099999999999999 -0.6759323249999999
-1.1099999999999999 -7.930917642268934 -1.3889954999999998
-1.911975 -2.4914019375 -2.0806575
-0.49724999999999997 -0.8324999999999999 0.0
-0.44999999999999996 0.0 0.0
-0.44999999999999996 -21.615919524122756 -0.8324999999999999
-1.915801453125 -15.247405680160107 -0.44999999999999996
0.0 -0.3 -0.3
0.0 -1.8773152499999999 -0.3
-0.3 0.0 0.0
0.0 0.0 0.0
-0.15 0.0 0.0
0.0 0.0 0.0
0.0 0.0 0.0
0.0 -10.463978629886963 0.0
